4746080970
727244171822
613743118137
572556331227
240326503388
29267175918
315628731829
999911527183
205224964684
481592143899
473045821126
456876946653
207236958333
401710148838
257548909205
111453808292
467388349012
936609054909
393307548707
807751098037
621924495067
776439420567
959607554388
190762568379
982926861762
393915264399
498811682435
519710196152
895880386218
780721739524
949710037032
715269200592
867626509092
828588204240
691127776544
116952275101
151604298816
603051953209
89906084283
440350932182
353003689351
114019429141
931679391031
827045812908
657177097478
718432255716
507853081778
855464820035
157712139569
206919064900
65362459292
606320344673
515125410977
640310771030
733568461632
374734737314
462389062597
386863866261
990968657260
482481446289
232810194618
415708095792
620441864161
744012620139
186478167546
619221347727
699397253087
878720876446
91911733732
54529463337
558431895299
30068497910
61541043949
625707505232
35225620029
709878684828
530107295375
897296153331
717688804753
558051395544
146703290540
402679349686
273068762119
262226128750
757841116289
277104745873
762419227634
441975366094
260819843844
557506951995
836517438227
101419935078
225741614064
774772423532
841741572086
452130155838
600366599115
617095354491
612092794860
596151300201
512476207933
