694239913264
161658041736
24657173098
294738584382
201609290642
424273097167
125788353318
871664415643
536050036970
745268945152
882339552114
7541807681
545191821111
726276759147
974141225926
740373035070
422920045361
599007240812
229469328122
849635233315
321941690983
803537788049
640390150594
364872615512
875197575101
176131658728
115113098890
318385437674
716190234870
133699771451
444406667454
508058675150
856298523160
525433353042
355309713789
845528930989
343230577865
636696993849
95252632053
754422996548
706006127219
597850760017
823364148196
53829554999
416590625644
292473524113
380175072446
665759988540
339674784150
939662083896
897958172418
276936598469
796415711314
46415218291
794469179486
137681241667
403680636714
397678537810
357932664250
958917837909
300102537933
485135263261
897577816475
795457087873
868747016816
527782516594
223700056852
196234696964
431986683682
601813451914
948607691586
76232365030
942909618464
322265331441
3867229636
663901786587
683335759677
526664623891
586618058201
21412112369
469478692781
851575761853
563018258606
534659077521
454290092906
108484057869
997508249459
44899887696
954823281194
323678016545
763644827378
473653096968
146115591899
715473338223
29383182301
835983265926
551069702261
180167957101
568764672834
430781087891
64867122543
