673149123881
458416067638
39904941282
224354004408
778383839255
316053706434
22784247368
63298152886
656058244526
287981097556
542202310091
78291572767
833260039990
85126178362
155512033336
155440359615
425105368597
895709048390
161079446932
916052364106
969012799390
869168263188
851721779753
251650668952
583051732075
760863656366
138472135327
222132282151
644593787632
193052087287
790287602630
844645600265
48161291777
614953327322
822556307212
907414582891
160102612942
194879478919
697179443051
136366748076
627199550464
155231803956
943384198649
386486457097
533642481560
67194056445
175968249867
398177115014
831584552145
950078815686
609423023796
792158980028
175678640552
875794554630
670299424865
438371549400
223018500430
698699777998
983629682742
142492050803
3413226370
743513372696
524494199693
918575482903
932584685654
634892605708
744675277930
712736111977
203192302506
433115989544
954751678232
821414856338
150271161699
201117196503
546373108383
127767175204
294677466988
701095710558
160768703629
27842325517
121880509180
794206985167
936569112498
800529130071
621255132505
256004351537
106244694258
316703830770
391954694968
567695414156
746487601428
448444779201
596102466813
160711958271
933898848584
243452753091
352470488855
750641791940
562740881811
417010938541
436767968171
