103685046678
354612777725
472617623396
67779997769
595135840514
336116887341
273381042121
129033574494
646782859888
314892030018
880577312508
136081592006
556811715850
682319367424
249651623505
831544631804
993114067671
801177381953
94769419863
770564474498
43699410417
443005357436
880844988601
10348582385
716653596227
428832482913
249038456379
820515820858
101595026819
51751372943
514415504636
481456022242
300324604699
941044659876
168051914157
835139592684
727428658355
181610510570
477653469252
654871330369
368485473110
806255646209
966740354001
200558652261
869209343805
535987771610
194819244051
317273281429
740649065937
563206912990
115361207198
320616292725
279808658352
134205741008
771601510145
14085965233
66525635613
197290384728
212884578674
40773661739
659677465586
953147829591
646032195470
542122288014
777890553849
295079739665
143935545333
398504123948
784524905878
101075465427
565155464620
58360108533
952965776168
871693839501
47482524887
463189397674
917562384578
301131343260
616040188656
114394090975
314833438669
45068485819
503677549848
547679028361
632090102249
427215879556
719519689968
548086441143
811245972381
874866873999
605259774396
210693238309
69355662293
765979215606
269967841188
165730559493
699548914097
275022806278
446972964856
239735792300
762510227160
