717178392806
665163316815
905404364149
251180776
837203025085
79469587632
481366688039
535409581795
196747962774
838885134430
246666585551
401985936972
741552748033
897836149546
535142136059
499914148251
519037944249
113857731865
458963125
256192084251
687859679211
654252974096
989125919710
765121740650
498108112286
834451175293
23220583585
894080668147
235612503517
945286224250
836612728819
227710750875
350280876937
58222166528
614892435505
588103639683
351423795847
991864727749
510894610511
646738773032
123289699232
216282723488
12886484626
427568301433
145043613453
133492195394
199810304694
824554899099
559302226624
90373879311
371355676034
404314504826
638842213470
458409052643
767129405038
554213448543
50401719632
804717789632
919825000570
995709097014
469499357359
715607301442
208562739964
157911313603
113553308473
359758501304
596622839576
292161883748
788989179131
482639200387
432917205711
832829719761
375355881705
153026333471
189849025283
339764596873
967869908067
743603024864
972614399903
738864960534
83412597980
94749091056
813457684432
534376315836
792012915323
521759079002
288537866769
662325952026
128718439783
427721143620
713189961660
623192152679
725282773282
816758175826
565909914318
619405633397
709655425726
620763548989
414866993657
672218378660
259558299161
