755304602239
503834890646
417234798865
105156938842
826080237179
754584142013
523058986306
966289599014
406277769131
720969682646
444549618251
322631919689
380179725568
131531570860
495423900606
905962682944
319622962941
555912558332
287398499259
315515857652
245234455836
243152480926
275395414
44708657724
879433371351
569335261722
824120515554
53988086701
93045609477
887911224837
447541433470
786266624503
400465799075
587553837788
358124691505
603048897822
105818544534
131317107942
536822830795
690898542971
289340339986
808707281461
657542682606
993769346610
415717468994
728214163843
918588575763
920264046444
238469001230
468579566717
664287068008
153151445863
329700147480
964499840621
212881131365
320947009244
851693474261
824786250795
930563205372
228231362039
632779617878
47229715381
688581155431
975829263564
271665350035
152873550196
285477958575
934159172063
999920748781
350099238873
899953233116
216144173451
349958300836
19844909951
930444156585
252529851198
30990834822
746360596742
575724732925
986407886911
37989420758
84360752895
230703016279
210369820872
633080681257
889665936723
256198625187
418470349441
697993014554
216526843331
763630126877
35600618391
811547845093
778181030553
517305817378
671631312126
445159819714
70022437498
425157297232
319552100658
601868970953
