174557552335
452969710567
128398386292
112993318342
371110126504
582696463359
359578226420
109716698479
488517210466
77426787392
931997902609
458046462321
704504541018
937513042653
798740354100
674421962730
148338541304
999898285950
340855053198
175277647873
206455404269
186587338043
370104079654
44996953431
707666247175
300869043793
854971019483
53709703695
507450243142
634008371250
199886095319
384788223174
16853299762
941026662277
998978040190
183089541735
864444529223
545997412586
606775248298
335996189592
487922554071
201115631453
626913233284
816493221516
537821021537
679828333517
451312796483
66265573943
47652421496
798827682166
58909811800
678975142631
832199729661
614531804233
761554092639
849040845967
74390597331
965739581412
845087641777
138305960458
728651481505
973274797183
809688399383
10978708227
306606001874
688186294070
963504279263
552743830442
439616601583
277680893857
482768123527
886288361981
729851607920
69826984136
672391129279
872325317672
974493364035
673203001025
292408478042
835862015586
515579896343
194303866448
71991376223
428802965222
401290767191
857886480616
904226232337
316618702586
720144745802
496867930403
21436084274
883008675224
856813481930
33470041708
429086745793
628753835663
887508464559
336602469532
460712220817
935417764100
392229311983
