254265629657
595204231938
599022617367
714512781612
758905563409
454683356441
535731739544
228610824494
149520906245
29790941033
818432812906
850195761826
487933104599
171772909206
279421919855
755001347966
638613615935
870066174311
802891259533
264535411269
986977262289
255966773452
142248068572
407628668771
113323703808
25193051385
323033920349
77863128557
537997472463
778776056508
129786115120
945032475412
720960964981
490584145148
650855160563
168098114657
695723084280
234024895533
789231360399
44670238997
177089585588
578750751617
882892622704
421161993360
96533914487
694698198893
550118470037
992818328473
210389784488
737289400216
749536805463
45060271546
56953297192
514501002549
5242407738
557081919312
950883272102
723846946196
207008417934
905385597817
343191569153
905453021327
165827094609
592949838621
858496285232
538012699459
658848432025
253902525325
774840193914
95349768925
449380085761
220010260523
299710033966
527408511948
486231558167
384790089884
866438803349
480029608047
853559402363
949869524478
54081752932
225522287368
657107014226
542415588916
950238777575
127554642156
61911690371
434703615635
443076914222
991398052204
525901500270
667237044247
687439835822
48099980339
665014642006
695069089116
91333323903
802707342970
375574828008
977194508277
980714376925
