631944336634
235415068811
970818689051
509137945127
761320220372
209552936339
103077447634
533959042653
279894821206
421636931923
427676268818
139208747090
696219645967
391073052200
960084368881
987337629607
639711121591
376544980150
820763054508
472103982929
956968367204
536884522339
546360267340
455338865482
593992872622
81051500909
646704650898
193412233348
999697224763
675998204411
376660838120
952035828201
3150898888
153489140026
203143208603
223095113084
819007417680
401645710618
588231939866
139186748962
586598263443
97332044409
58414966609
56372072041
81982342901
913353474151
903212300014
555136031507
77129087153
711437436489
193975971587
340940437198
264704668187
749316893225
816355044746
693478897130
491574949796
865408687072
957324914220
174328560947
738334394820
179310380808
352966332122
34120943715
433972124896
249311667784
701746150595
464564174664
368087932026
729498768727
607802600593
320876234872
797631321139
177038993712
893259267447
336240962552
504757052403
982531650998
265686388726
908668280120
10715150501
934682111753
909193436582
382773763350
475203890290
822572523322
603913642458
936767088566
752755217303
448111077022
339585914623
792375304803
450343906803
377623278571
444300198614
289094534678
953924848051
842615786708
936826742289
787366819264
721029473484
