692105885419
179981041525
204041062790
753304063262
77163446245
880208948325
388454433175
730702795204
46108976912
91977106354
505564593476
76655959359
835915690673
326915840684
199535599664
365028468
138884449088
785641577742
549882230996
21291347570
385216572366
541362752536
647870715067
251804723835
519773915125
412313826897
131240398952
675143587635
188341614631
967329221896
572745631591
270826512702
287186879031
375178164318
810606831926
530763058140
18025771510
490266084179
156488640393
283547638915
553923439287
797285636477
410323810059
820464667557
565880230509
348249915158
73292476988
209486365599
912982711229
26455468724
780175807211
570010553496
645437753579
713770252982
139818353678
340657880771
953448147303
186997252048
775566812089
732704370554
478388499901
916211028890
171324696460
446303298523
450100052700
283310648810
51263115202
920579480763
219852406706
495537344818
392853490885
922000449053
76376694753
775687564960
753090499733
291366712190
170073659372
457053955490
337593824104
232340949609
355599456800
166663246740
680012091863
706438154715
392665190065
272163633719
998331339108
656511902885
241787723989
453926311879
791818175230
749037696187
511447232208
532369267134
863958737301
344951566232
467534077420
623016984097
887626591094
304650206674
649893333212
