740481197843
310374483784
379826165343
700337743745
719237331884
616156209408
96636575481
707493363087
230659588303
561970016932
177132774513
773139390835
752845523433
338673461717
780763588960
329475708088
56549867447
312579872444
485318890124
932347804382
962063466146
302173580501
233357699113
700231259576
122687515825
784464464835
84358294434
984596779202
318802304267
224477877283
645350837947
987520722725
531773195416
714822017508
469734717948
457829980686
250016566250
330453479323
805169374462
387581611821
951424347393
19952422511
13532057169
508010178764
380222739967
960925864475
557771651733
914986071008
879290755066
317349554481
463736920779
66092041920
735262565844
258166282330
529762178113
343044860675
212808583168
422482610025
826707932484
144170602010
787040253546
200439364188
810816398943
509064918892
903262087765
975669411507
422736519895
501907018349
624869681072
77745561403
583366771552
551918530872
361653687849
115488080251
907446916235
451325460048
338916869562
527413299821
780345227294
227260863389
565278955937
591994080611
973821908047
113283832196
289542092376
530549716507
499580398288
487506617031
844621864415
281609876863
290531723295
815720669149
566500637985
857334992822
609060596815
466365442035
475542522509
924715590436
885246752089
791164555391
489958512853
