19615448374
710399979234
501580678785
196485352684
640658193361
892218658372
974519752744
696096551677
402793700761
632114184178
413867467273
476003087848
171869856944
919073982473
484045464726
113795964022
445447316958
921696160067
555282996777
188174682323
571380411823
611634795362
894305519323
550266923073
533099505892
975942637570
991718192353
485874257998
69611779540
333520642825
845720177760
833307272495
647209079616
765726937019
985799396973
571461915851
75274347993
783997766465
633974000792
857199168579
26943348597
917218055744
867552560959
804076511852
244405535493
434186424850
49968809111
481521431222
613796601985
763032447792
368345036177
316646418217
311849498591
16069395563
143132385768
501347417957
891459614649
423530423948
135387899506
991798880049
877472201332
79314991982
851443549711
317091801377
887400759479
487600610195
707983825716
539388398210
482921796276
734215699389
958149167894
502306614498
417827300875
280602292383
580438096238
133526405469
647246930275
683355933068
808291252321
875217894068
49030423962
580515315441
166911759468
626361811901
214602911701
565105882333
525954146032
678150939814
100451603189
119601348926
60094045753
904939439555
819763099784
141104671222
703402583664
124202839166
521086939045
543860652927
5625713692
84780755358
68630858066
