714105822599
168786744871
855183429038
416388063615
72956585745
647823933851
544042188315
447537515862
783894644737
689800784804
190034176772
411634928185
179582120090
241205367534
143705754468
19634824662
731430579858
190611365425
355604521012
210393952887
185347844118
375524127636
359092622573
510761548303
513826248886
428397113293
596366323062
299961458839
610792740646
832031188750
333738065905
86946894045
915507849595
882440649992
726512177396
532262146962
357489403040
620742470570
161350120144
650974275904
161423968528
30841793249
423779123843
160740625213
178757670327
732666815379
413053848002
362259791480
564545735861
704457892026
136083167907
893562533744
836103373375
868379081501
568894659827
651682592568
583876632185
194452728605
373027120769
264634471464
883334840730
680085497292
417270566768
660929542544
877619846314
166901974858
335758350601
775541796761
839814992836
352991515723
816814331622
173921437655
694276844643
886681551248
605913125590
326963360333
407960050111
385574804676
843071706039
381947018028
877331609917
68780022241
170753840587
265351389089
817788049267
694512127361
693641754329
773128648733
916593747154
803551516118
562039665060
950996713366
828061497950
100156133102
345218633403
48437930967
413800019257
552061230793
335053311747
901707410335
559029870829
