160274753597
273094166784
391125457666
47993253938
455032828845
643012098828
634497615305
386388417763
729027321630
33967907191
414017249622
4914693078
990590812630
770350314798
531969174460
819908403245
659093902832
944518209082
648186743228
74497902798
674491901083
464897843975
350268151065
537616222905
474676894283
621408631039
251587376361
678640430720
480528677778
426446486443
441157612803
418356006518
539051950475
229373454894
21378788376
607163202304
609003431107
34599133157
549528692578
588966659794
667387928795
949154423863
362120163962
544834444055
352887914621
23500046051
921326509258
641591834954
794982545697
341955468896
128217158268
629090110776
525783326505
28549535164
295139529172
676841822607
375303533374
57420424558
387455704854
534183450459
829568306435
414599184838
118481732379
251180273876
119228788049
25569826450
549730723964
279394083974
528129743750
583845080633
423547191542
789864330509
316984479854
528139895107
337790429639
478356490932
585808037509
28074369692
218970504413
872042673908
934139083575
114659904598
907066744627
675306359475
488995770502
73910019746
961077408685
3327743627
378929537794
200846237765
924826547461
712426733369
601861919386
866519657749
935943818403
619146968498
386902592154
727250441838
773177971626
81333647490
98651782788
