537682551263
837313577339
716618503137
597250815368
395380572856
522429695026
118728389134
199978717836
519888482236
367076190340
45159489325
205679035475
731647431785
426344938499
82190325427
358992368550
124747793528
675890937372
814305301278
509694588012
752040842419
747201451219
18436024584
80897008858
16399411831
607529070263
920381133742
374518770181
575597536449
539195321758
188424708274
87091100616
61846811341
19163869444
576096317562
479438387827
825096780431
841668721101
582908853768
702656893628
273901571429
790343830267
343302584208
333725212501
500499074437
259552695197
827586390990
911803311531
509504691539
97378017347
781035616959
732142494245
594557557328
949717888926
558330782448
900162532172
910299884449
669889192622
774752949423
834394604564
928808427098
837519526415
370841774769
303444454405
715714950877
482569247148
124419657325
988569772033
277695528326
752850253307
548614707270
959207024452
637759034876
614549001615
612256973763
563407311082
757622812499
349488935280
356262959392
226712318950
299337836908
907710067632
783737309299
771313847763
476664133874
403700492454
97887782315
330324924363
835943005909
145429436896
302561712224
908014750870
307853354096
218817259764
981215493605
59210218340
916144665948
295886064009
921751531274
203914675787
519397158635
