219006979891
695059309276
691874147767
356230687469
824552099185
18040890934
259267935373
451528771900
182164594876
73999952052
137362651414
5154252262
144822037576
693834041179
419135947587
800805110985
470417614807
662668865746
50863864234
256276596396
373214372970
263532924427
700096514996
691851074780
868691883530
331596937420
374325823542
312104468978
269852529969
914247236699
439911947919
361790094812
111683775209
82109220925
705799998415
463842634110
279559567820
119073507961
344613199485
124393647507
875808552270
591571106897
436659173021
116481476994
253560271745
390853761364
715390938286
445506962571
812562185943
504685108996
764231711571
438013465874
293879882789
847206063659
118190358673
744019861649
203174557469
849609036082
586949245411
423816656398
678346950297
606347804380
313490423061
68097402116
467930745413
925607382010
501840481010
599971842699
158728238402
800705783182
198992863786
773607188319
683333306249
572734822489
180246013054
461764889153
671043854761
327736070614
242260467441
46263502876
744031486699
990291471980
787370437618
870933715257
822802357604
812921841919
868736228543
145065881304
960067017668
783773032585
743329634239
330213178909
582117074077
140387232525
731887480011
757497463396
637161693526
640134957827
259962883518
105015043293
530063963694
