45248900188
479497554339
39454511170
398841266503
159585512784
634567056593
790780059011
757069435307
26854675861
303124687194
482546173620
244280848251
213985768772
419727288982
582506571027
674228363479
204816320334
684667891180
692717603311
418680010442
455196745752
652147583505
299461388138
661352147548
657279348878
895685957158
613597221489
917611744685
675933730964
893514724799
964619835965
393276884492
269000978330
731144089151
698216795285
110400779946
358104693041
625842075439
457074816491
769361353548
491472147358
845675490694
338683561158
802654210126
14647652202
193507644293
773934291999
271758913421
268338518104
524801472046
11606420215
829768138989
716627058930
123088410969
95802145791
306768598451
394137709568
208449608778
243818210306
388364724444
22401295477
665304288148
680197376807
251585094285
986789099693
309135343395
922771353601
924888520856
868969810894
428953065420
279030368159
557281542652
521625419241
659581047136
924281792528
58919052905
566965407394
812809331335
629919227252
13497070288
274812720480
911943049300
12689299713
86909369244
377542312524
458113168095
603661188447
417615125276
249401154271
857047014300
41178447761
158956274666
692878568589
505475543131
47723057908
703490422704
12066899379
782565918201
204361675702
811290202509
720318288371
