94850257227
400249459721
659381713543
956984141555
857074672597
320126392116
669115742954
542410533898
762346412834
607740599756
741247608599
362131924727
485755594311
605669817941
850605887890
528697126009
86952464538
996057334316
682076038414
746993474767
994991671080
343866023907
591599960436
956365214392
888456279439
791049635069
725433666866
693478183425
885662189245
80691541120
191611130295
627620346871
795727807650
345595476670
81745911338
655916672069
994209048689
958075854172
255991760324
622074447197
1336036956
671440041683
219278651454
468000285738
32762640083
347158867765
32791568936
643858390727
975389893086
539501061486
875615319428
170217115762
271549704902
476953689480
507625370151
766046399529
203566971739
294182347790
393732418446
154233496620
837299613029
53160806349
684691012441
941128358836
413864102033
643266867653
271513352651
733734550143
613568956313
675005718771
559679413067
821949960314
923077352427
791300944937
663760644722
311085792558
277662576172
466195052840
488591693264
292954711321
522195530204
278860389281
219810398793
787070679132
493873429741
37884992608
250396585907
712797969147
267327801232
290744439921
276881918602
283717288249
801507330790
644135692391
53830554006
163468110361
270144508127
981832948629
73528949737
714044594753
454459202273
