628620499124
307034730729
670180271069
232104582710
307706313097
154535927768
911066173635
424185131113
740601713553
613100351337
642051754738
599327804329
975837610596
832329092813
169046364315
773278434999
359722278816
983125159503
200702309133
329807459968
835209816585
215641661299
86039741531
797455079672
624169956888
954377294206
888171463056
145035768542
772407700048
346339370629
557556677137
346279468702
317389312110
770561977009
43001682593
623562085237
581839886827
650565202594
261470276956
18583695437
755298345541
966796864582
293741102470
828373122770
113315896204
49183163638
407505659597
421912815150
600112899102
703844123806
395809320726
777597391658
718796294540
569797523897
337225249175
616104622072
373220426821
681749595690
127507304634
544087019549
289756830277
734117499617
904758586595
258341447039
36247909826
741715078665
368736642220
377304388669
372455448838
74847378956
778230853863
615251219552
319040912688
270084750058
407417853963
27948253641
777555852094
60746919422
998409687222
505366935449
785332929645
744323594849
754599434987
714196831124
488831877909
751665300312
200202812587
206599184907
976193480933
266395333690
29238823955
883469363601
754860177176
220496820328
173109016156
190058837935
491372585559
255705050192
50136484781
102754086351
110362961880
