589393543784
688060451877
152208097088
758386607107
498034217159
954380720273
425220252096
104920213072
809394376876
662383516149
638038457740
411883252243
860681336660
209989219325
60387929712
133796481983
103830251456
114196828797
133899007232
882557437442
493649677717
55905270880
829911578617
141210029360
787920271344
596593387899
647579740143
885966917622
904749146009
232344107204
348212687393
294688904270
69578995107
347809249124
418475968240
893499218902
650993078799
982613379191
47725158819
303517186438
743333777508
402796255153
440584414110
362651549187
527465690513
551723969518
440560469084
578778984889
204223106418
807546412696
907474297155
786772426566
441563031987
340757391519
15041602208
941518949452
376141492103
356019583237
863992352063
630219343785
581530650762
601197020608
310166358605
896478960436
151091017680
784112623861
104342859033
612491380020
647666646123
379724946088
243781577492
229774385427
237272317726
924665950173
643329506076
905367392375
70476726200
517373029247
271312215054
772925559063
504230134301
959994455308
212419625929
194819008387
761473155369
208630772971
410919653782
20505175835
851894167881
625381376715
668113559969
809699267708
442985998281
944001617701
626474973845
498686869985
436958697866
256201975050
564470829465
286903604293
847334812727
