756271368850
736615307792
333284926308
834608055036
931824648752
463985717999
396683122436
208734170983
689707156914
249436054399
933936039506
869132662013
531748080856
523118486242
67650943230
58543609532
483287013254
443456506837
277720379019
310274848331
677676843607
288725098948
206432569718
370627019779
37045870901
526399407218
891936612102
647468214777
191298757447
699288240703
707259418931
224844344648
745667438438
281460201896
659984705520
67749479306
364103756762
495362258356
547573398282
613404414166
414882725862
275973763571
792086571704
376024580582
212560692022
110060759434
31218300869
59810877246
580969139165
760699215465
315606712368
331657606668
977091587244
291386280904
750189099796
407541884218
428490917936
86164074519
382465612403
387756686050
295136539143
594463486666
360181208759
246252505091
770233529368
421952016219
989953543551
329013990378
639468738875
761149836671
178669008845
694833926964
517191614573
628113183622
58471778874
351909672369
772729391624
883186632315
726825728052
959669995085
763532155584
886882901377
543935203479
725527580107
639493864546
706354290938
899654276013
802837929398
620775582849
596064397901
413566924563
555730024357
524135666048
286952691431
602004708301
615225892398
244330181722
237383094444
486290218323
931305683199
637540638134
