321951712267
377561330069
196331729085
620235874063
870821563977
965456419609
342441607004
209892011225
258040670750
690522224924
597298706034
470563145581
437486380170
965788779610
262364069229
267040259311
359086093829
526761794395
536755428683
953393935640
767260656667
501964717317
692442828293
699357285361
888288221617
878491910258
506366800550
808979820185
147969325779
665966929988
889222096007
775427834142
772072211048
418752249604
89855806142
283319089684
994476415004
525853152266
241869962508
118277673948
119687389670
623575790318
145563039852
900496559793
447381745643
599648853633
928080914212
31971214746
313023625068
924161955829
606726257569
193203752789
962903308453
586001655958
858232536540
214867837637
927446061367
173835892229
25163414849
989446580288
418079266683
603678801500
615732925737
76624156247
437689336993
842238650816
98319445854
550938311843
652238446395
922083949646
580290739211
845045839497
383186699169
771007618294
624288122414
83879997791
730678016544
998160714593
917405169974
980968879537
525180665620
593127833876
510778133439
708370097558
576153897151
410949997819
316823383833
234211958476
184556745968
846324986388
205148865448
415216884640
647030626715
764312247738
780422445740
255300542517
721377880200
918986834169
331815701346
595860836535
505004073285
