474884190544
698934105134
431319230139
542947466985
586012507445
187701041808
777314095569
22209557614
227152319508
406222258881
342485597960
720287132775
473137582300
235046560552
783763349995
162521346648
671327240240
274465660269
697863060688
962647540856
988637869577
878235093151
893928170175
369154478885
216887096045
60654597535
911972087702
411988435538
315022660109
111758326414
75057820671
581989499406
303844620046
856776395196
464364412546
867279347758
895892830763
270669370886
392635993038
862209877991
609945020003
30170561715
67950276389
227197979139
997488217505
909163503610
719313526536
327325222691
729007891028
646059309309
611887985919
923482155806
429721578053
677393570335
675733932157
950970602686
94046670376
462821673625
970732476390
329111633076
795305295180
681772504750
994016981721
568884294253
184580037614
644675730662
133851430060
988620194839
773348509149
960700471784
754206712852
581152129720
688328476668
459383697712
195191191764
67016216478
788304936988
617322278173
928644868679
969103459058
946803230794
105833912738
733894873932
517290208733
419635422221
565380292447
105860907130
375054438102
116424796271
128098937231
2514059301
540353448504
240999037920
33192505626
166263197520
263874306738
192484810620
449225579026
655985750454
195575336302
120063390198
