125869000467
157232679663
776759743672
72567428874
839482051859
820470283440
76183732259
563328958905
951053446005
602987062553
308396544391
249655308137
329660198924
947604366358
499610155531
14720989195
596957697960
764515345506
685044121533
883078331293
103917350561
220084516388
897332191939
104826487688
471706059813
155271776197
935757059120
253801047176
12557270258
303774979152
21321834380
921528308905
692611632094
278968448762
371584622042
633367391321
954812249517
895697772701
615974273154
901806629881
267564866086
229130728685
325061071904
796892379086
640665187728
545677115271
812900508710
629973459473
756018852123
521482406059
139137746587
437372153419
865983877626
720731008049
166926556215
891281522361
315786298034
879060191863
619140978101
843919473159
823248527132
937552054756
696449826661
755892248161
322615446497
19290639401
14943225833
806122564339
801231310689
103418197454
222598791075
477205540477
489106622013
775730722935
639346609299
596850766429
915809677193
140313901584
131851506486
619417749322
587693277546
190308824188
34976340319
502053879909
498543126209
425663499817
836345744608
608122090125
642134232306
320946218281
610742350539
517120860660
185372036480
734147027355
812968104968
103667326131
40896061571
351155118907
426314316432
640980008696
586588305482
