469867104205
556887168646
819933631123
499887992109
721129517999
301721452921
858889496972
553618329172
96807416914
416028188699
596867808359
895893656461
841890967345
406033256019
346393389048
468493178667
50695792911
620648724455
238687367798
49864257731
591599234707
557758928203
705835346717
789995142139
245196334960
748356444047
643969224075
541503697988
597393294926
109221720804
493497625118
547158702303
249958219791
486108102328
785023341413
147447120659
23985266389
467066735493
449874044139
53689638580
684576508598
411464584458
668817997724
20216922909
15324055537
639821516666
743575237244
407029298004
284823127803
998066996640
174223703571
829168000751
312912250202
80773258097
161756639436
96454426231
578974214719
670690313829
517345171084
766764946572
158631127144
797759137528
361887613568
890744262653
646890778426
58561062750
224202777041
209901346572
23412581160
705544873161
330155007038
227005634476
231694622394
479550997241
963700960407
722812566741
638493646287
14397735703
574351342238
375152894468
626152626905
150368023789
277716258992
744043092908
770131816844
479368136218
45002703224
390244962995
404550635100
514130272681
217709972538
907540018972
121363511575
690059468014
437341662776
599450761018
73189263891
523566188208
164774813712
6322050708
850315806391
