585735478451
68951853401
91418144337
823102926017
165273231007
544232092079
968637148581
332962227723
8265909293
330033230488
378034277129
692033777011
764182599053
908411556240
581823243240
232379065520
538458859763
371654633261
822789995283
833235070883
536017504308
662849702952
25561961022
800371638890
103863484947
973574313573
930625711446
434287572269
550544214524
636737584112
646543150671
378224520019
652111910578
438316970550
614914929148
372806130837
371469066654
926727547700
358555485533
51470645149
532754915958
214789209842
719939059879
774169603967
653469752711
412264852866
397197550255
130926315927
33637791169
799989581290
560928244064
395391906621
177104534564
285244302442
93527889401
481664951748
789860883370
60563434646
148101142802
107207175239
377082609780
692160254393
162884102329
109953458685
528021179707
50076808067
434742639038
63984126850
264700303072
736858695152
914540971237
410641178943
402621834906
173220945700
495395674831
631235047056
854910218052
155049598840
252393386603
348787421630
720269705423
567354536870
367786359339
796341907246
474245076907
595382154735
756846428914
306872647022
943565245417
999190477722
472375133045
722454751983
30002754317
929713751452
47168021516
988393528148
100805926864
499670484891
510725808556
860818359769
233103396358
