953632532600
77305269293
502535614962
936759138616
467953653256
604522649139
107626160535
907316917386
881675722090
61292120061
434237869540
287069041754
978663405819
223908675989
506594926110
651161179153
573273674390
878520950444
421304391257
13824097560
694951052959
62629948761
429510951425
158554910950
866718491923
132574741797
284361167957
857392964327
805775352777
88370974651
827798795586
383492034020
20837916809
472816286960
583906076713
383578549916
37526072544
468433003795
779928826291
71080447623
996097330791
52428093446
502376294180
494596096543
736700330680
102572059506
657758777375
299043087946
3807931677
790494421008
775695897707
158751331987
573726549607
190459741047
788789464926
615600962600
56536859803
636056383777
716772268714
576139048554
169794519531
204424307767
636715520762
966640876902
392910807773
997578404097
918047306839
947753270560
142476958833
514134026866
642280165491
290518606214
837739661749
598101893710
772570198805
717668206052
972632486533
106912679724
849304472498
441299042025
315203740674
219743144665
692259287910
981528337029
530904887700
260386010081
379407600906
47813613089
597077977414
832491530860
467571462208
417284891193
377068086487
609686949969
534292144027
861429469017
80596666100
20775851792
233404675206
348184551361
806008681475
