430997955797
631990584213
10532959147
185896201880
138362593666
113708742056
484085514913
401025535189
627346748520
384404590113
118828587812
963429996833
16677637190
121382901594
71835428303
500047600725
328708131507
156630892127
608786297794
583076651317
667561448753
369009758540
951135497951
128837837311
278470783376
875626935660
912580059828
175385592520
826062637934
606187793709
144904852221
195994337019
625813574075
57683114062
8534680049
378058186698
777929807735
887806947754
830596344389
460152431006
252479938935
884226193217
404086815510
471096784076
184504718457
88832643616
20598252433
768481316131
789420583392
769716385932
358263357022
455842376534
553585634526
149635207274
255955121093
642991644393
10019923120
200400154583
462001308386
390345305450
901193352387
166095462375
984319366733
327257058897
930602632899
139481853020
297291683616
70923793638
694049093509
890078730826
789224254826
443858733426
419701993136
443386211152
993127952753
886998587575
392707435334
636679227479
255750500151
635436326246
428039648059
988821871275
60531096773
52573082330
544400992904
864575103001
393247784000
961250482004
637466197036
607335247497
157578807534
51382506363
692159058182
876683667635
931587439683
933805156775
759275881519
601740082607
2961264461
404287902187
259756261489
