34835777690
887126248908
829179111993
246902187460
28395717530
949459954273
101466998304
908814256371
799023531796
142298427716
353363077205
871247260398
280295902070
806058908123
887329645313
592944312404
916444201241
404392962795
29154340210
298648131965
71640896248
495223449404
628591761792
732698580838
268177297931
170701224600
729322438127
949214332573
719054707473
571938247105
809085183583
62538374346
55996346466
880665325184
362925598549
369185125920
588480722312
414627893081
635234696242
776729032070
519201882664
214561896889
981115778329
367836731502
319233358337
864399528452
239906621852
484224345431
854052500993
413281655565
541612574821
366591912444
162893649272
285135537460
578405654943
341794316513
92144137905
167605157067
639599356556
263199273182
508492088276
180630260363
121081273350
943886997821
791666630054
819867839015
612816244653
307905353812
49277000562
860875903461
968461819096
685558251811
350825637608
62029362664
950686133137
314729592173
347584265129
229158524649
113956279182
736471057368
621326922616
116883588736
301048771149
224335088666
564256460810
839322153053
220817252455
424491039638
999612136407
367850094369
76170574546
734901389406
449078843669
404145776272
861463641795
604169891613
173103921878
853121621483
648260593778
783564418328
280412879516
