847165729906
524872267460
390567816514
375809551606
38261400637
22119258292
185359637035
619882235478
510399159939
539648317665
506485193069
931212620008
175060969182
615149700671
869878779686
247495010540
689868836196
72941531541
533407030640
382647199600
156475622349
564513856298
666186690696
245918661340
660712327536
487626582911
562660344131
126991277329
380227468093
694871260579
28558417217
925974668322
364156409309
75733683476
568166544395
221263620301
476864689586
852607859780
770081895405
344701893701
181321416140
152682267020
28808769504
497314681858
142054078957
519375467791
46325130642
664414661970
996346483010
360855983682
377016482484
481798005826
873965134499
883831582057
871621803740
590590431439
600026892388
521210913628
766345467763
422887864755
74271843786
3922795927
582191408825
338771283682
190452711905
11085115856
615375972180
762910668490
627465420988
478736100381
692779729604
35388992618
139727594539
363918028406
668403397451
35655391178
817615789499
760263140440
412381285969
924280357125
173834568187
865605647264
794521153669
138514914954
801363747697
926268459503
216974482692
594900608250
329602818840
129956174002
636480416478
30641533472
930777741089
906646236471
781334301675
329524933013
832803977153
744598600299
364102581765
228044456921
341882792199
