935354714335
910664086593
962994605217
649238410066
765124742790
504741010643
276306901774
76076882969
668761162813
120731949005
822589629509
834971704174
420667403207
508540105148
463503036857
31554658651
685371714904
86202095889
344529216013
76815497009
752398671960
966523462251
963827866849
534143003352
93011684527
542483361218
418442840382
555531581474
444767246031
19797451967
149512529224
654292967056
469072495661
177836548683
756935788508
200906940697
489623622356
574995145340
187948645371
364765385009
544741399278
562244980266
286872250832
844678792077
702855080388
585612060412
454642192444
261976669346
155712731692
139215865206
739330871127
686551442724
446059401696
518391471419
750437536825
713200067256
179764176153
203951645509
990751204868
818234283449
450369385027
603034567183
373706403342
913547432794
741219437086
632443985143
483785118926
366834530042
354439065124
421730026445
916508706018
512054511472
174944406620
717546290827
316661629461
397187662874
182035164840
341322855865
683142470908
939478185411
13823499262
970998198644
382569652090
104160381993
952570073651
315279878569
514345652433
559196035212
123615319255
623261131878
283678829464
944925480219
671933480559
943949364722
429185057636
636109768128
654115907938
600111807145
244661248064
889254404841
592833256783
