358998378825
856517682509
460698373791
37134952561
208575710387
646934182399
132966573005
293361776353
932983222365
64032550866
429580574114
734093640055
12080414069
614094544198
872315841090
392925541744
858627070116
202331987749
734250862315
242329130381
578800759272
524886837988
481405074863
222188917551
680621565859
986233336323
715418379714
681619393426
159661722539
712659507449
940329977930
824170946559
759083501296
327572257651
111567792530
983893723395
352986741706
995741176860
565818041346
974536280349
237539314921
946395473827
285181283519
670233647719
509274815733
823515958987
738291606482
188905560047
882651450038
92554231587
570441997912
228284369264
232918668570
506484171957
478978035794
427895949814
631818638276
999653518336
337072468846
628656056436
710989484495
307709799329
585819473738
828071644432
171906473360
161513455945
253090572349
623064081841
105749151628
829164852848
418208365937
488767008564
302225356314
192554001406
939506515767
559095599528
448389751499
616643763316
371204169425
676568301980
752449209471
718649957488
918435267428
151617035196
320317015556
213511132742
244373708438
269861746339
674997984681
570690780780
277969896966
484123728027
953330374410
925401272630
6585846533
136718486460
28080158950
44747923092
160357593238
710244086750
359677120332
