174183413140
270804729681
170473024854
284122365449
885522015081
285360430248
741040468965
526010434504
61835034118
334004304397
520131728556
87685317142
269553931844
82315906423
255749148646
6078252028
976890886602
417139731669
855541985195
367256526308
956860017972
481111194931
948828844484
777248769319
817909196610
143327627604
678297872951
729522008839
627482965286
271625262394
718799365711
132433255695
744510194903
684495912568
612566778877
528865881883
185588699831
140896696913
813962238199
682293618689
881608200381
268599087245
663359208040
901599052931
546924120034
460344367721
813053642004
935747467443
172718341195
263082914517
292258997532
751558707086
219798969551
524816558086
742606250905
407763257564
926485004244
45821148791
673832344642
690415212706
224562555235
510944982433
775388883842
924830376674
394598907032
186101282366
100611052599
314657632124
289411751325
588858447930
60300368501
810544100639
415168741294
733051211715
891873561418
124744809977
215904117403
509331643234
760390740587
795531902008
143534774241
426962204090
678054952797
333980583695
529007334065
441463090489
56667057404
464917006244
16706949670
217835995439
479910004836
267487556031
643158451040
688261849829
351055079979
778966797634
901462553332
763349129072
809350487263
63774678278
945561418876
