993543549478
944171193425
118431156754
859740160738
230062228276
244528518786
987024478354
16263372943
282505354597
156082907101
127531590081
439439935388
931772256868
961554771604
494411616418
724217899189
711939928606
695850691536
548461306885
738848587532
803148042614
159028855134
439368802130
736492383550
825238384457
393932708363
140772088286
590289485639
382775414636
945111088112
224578328482
657210663157
68850057044
950122508628
674505257107
677634086108
5319933602
308807402337
232028293804
354812481507
155237308684
492367492073
756242823395
227318419108
653891293422
82014387903
413319345082
516735068270
195236279789
803404857811
264290307420
416415070676
788433026630
615034068113
848933568180
877485655303
756934530256
949792362232
863725330718
974770451000
880828796524
323737601234
84160994755
154187548475
733031407720
767038566334
170539118872
800429633405
200076381321
953396194773
291233779497
617277418417
961377115208
711592177056
833184256815
211431262008
562254182892
571183282876
423339146417
154531114203
284467217213
988079996867
67847291981
974156704817
653957489118
435797310592
911023081527
903708894171
456032014564
925415766390
647845430726
922253270627
807646796929
944808391953
149740799871
323767982064
835962135196
835062776184
893402446263
244072901644
644418689452
