380416312228
489687211655
413261699821
256691295101
280977296412
633895132908
701767119131
897992619948
85105697631
546554336865
960729707456
232331505902
607539170779
91081823753
934719832057
604770823864
868496094547
751440131428
383609974947
284833912910
485595495345
150422596081
988612219063
134674946109
451071259901
673209538333
319906786111
4370632487
303452897886
763360293380
514924064850
57532483810
897959789596
837036027609
325710354423
579791372632
248342231855
604079632150
606729292154
292611824020
245417414120
837805036764
750934965533
265674631653
943326091426
406087518994
875679696008
507943157105
313991337471
764704536119
785501012554
539645738687
967780943768
36063940
593137486199
610673569025
233680528579
984405564106
251797340969
779548175367
925452556168
322251301972
683861415473
310382651589
235094827730
948632600340
237719918474
813253108104
133226218737
628072819115
90168921134
295417846596
896957701121
753674691646
930428267128
919481314411
357280312874
541401254915
199394332717
844247096204
582461856708
393629526510
36165946374
760330187926
395238749790
610761703248
532641032861
100636930906
569239928572
456970393401
315972204534
936230560761
505120480618
476108126235
843632076600
379567164032
165468173341
514892322043
850336682949
86980015313
932246013064
