46870503711
804200746757
404611353314
132327147347
576286112199
181177636230
189674302529
982051546873
695048065525
313942044873
577544475130
288085164313
71824027551
871953449697
307235648303
466596380793
837121714541
878189034717
486370102053
742343242212
729630177547
67380627581
807896301682
758665411309
78411000133
920258382916
218834738854
563197240703
276690020386
881356778598
520012546107
192061383803
306543974679
160032481576
930279843612
421183553910
459453355042
820619520753
220487600697
662212606893
746893245237
820397348158
947030886919
912964031355
671254757051
554600025449
584045435849
822798613803
234711972784
564209791835
574627503465
871784358643
823208212385
804202219781
654232820033
170323384082
25795094535
313628107886
204759759073
528675704322
399946314888
433149613773
35696791176
835776932724
123411844467
615535654282
961853801472
990773020463
757246849812
112382507199
723680924216
57368242890
610864602090
487812115960
27774774713
517342409770
298126508717
728523101744
271539976592
633042062694
1073472464
732735623632
85492037363
759485922506
387436211251
357115223893
660745982924
382568668255
717672778641
743980000886
94871659018
318564977550
293831874924
56734102528
678104702139
967052077767
656668298135
61571817999
577875289105
866260350825
367791295366
