954890092370
656034388398
83826603737
960061266616
266588475910
947320754072
488972482771
367121526167
618298086014
901467148905
79981431325
261015964486
931924258198
725807107339
887102189279
38841593386
53661577692
280563767661
182974980106
930544981102
662751842576
969428041909
53611775638
761436202149
966164196058
143747341431
213928436098
789033496289
399683190125
89632969070
104957264449
741405658084
371498843775
746538277937
778881088442
510483366531
553656568068
303997640723
15637767931
656098298109
596843177323
544476607940
803182176477
680330264686
341150382165
878534179314
240639704771
552382112634
810322527318
27705837676
113002232178
779056912305
997414946749
479874896078
735954974388
745073931798
328291002801
417366411991
388872600420
994397154481
13106579171
447865990671
136047304097
34957932519
943546333235
965817315560
199140100115
647846430575
786961274923
850452823703
60735664813
808389533203
430125764317
218571870605
294191536594
42985955449
659344460612
169268895613
296260442169
665548095647
895980824215
803641214863
904791071062
540227328157
214532421720
140354863533
621638298256
330571915552
938248294266
657580347189
47067555875
62314110752
198212290039
262314510039
698381207764
357919914013
390447605987
21663841722
40059665177
874237331741
443608401201
