92030460491
564164385160
486358664656
190797408397
939533098945
565426574121
646813872496
381136216456
673083165494
399057729974
876890462630
510636120529
718250716660
278025632273
460862871970
744884291186
342106689178
743291074510
602001955039
843017033011
811745028892
150122984487
595184090736
332723389600
857427748404
888818897082
382480798287
971019975902
866408464871
161051781710
160956257588
645682533064
934172498161
906170234433
992870180542
933500982788
823263308248
371371765648
967439362729
268361826291
403862170558
692583179705
623812092823
444224680797
868317184772
530785251802
557234953432
69642727136
669638170476
576446308273
408106409082
542897588111
891121955536
43089241617
148160447276
169899988291
549229563947
558036539261
448187111591
652468550774
927074842679
970960578387
756220801531
570138493713
149341883704
594961922878
831596638022
146811348389
679538698154
596197053367
528375051008
918733706108
80732095613
820722710160
474986941854
16861830297
692135040708
731882304374
905781933802
332437799846
417813443408
80332546570
785415604986
62594211936
185017319453
234689863163
995053520999
607388428160
433235171116
357912462082
117945075821
652119750427
489185162606
493226281740
712760051921
694891677775
941661195504
255040742940
336356443127
242768867071
408510101745
