329786725529
710732577666
838879502857
533648893684
405937459396
748975000391
429118708869
999756850106
584721087928
227484979713
508707344335
224991108769
316246444052
248408087693
281344155942
948123246620
201732248313
250528674281
872812278980
483052598888
711030755592
764546872998
356997102051
839611490305
64802922968
953480639044
451610152285
90777621193
943884664060
804923964793
278873142970
323617293988
401974233835
997982976052
899610757529
869821254502
982023361288
65686987840
894617917809
534976420539
461663676808
376076055358
487100834527
81451221650
539329620896
82089784654
199525927260
586163962730
215139055169
76381759585
429862581337
681174032889
147875694421
671228377749
666177638054
549809810303
535610647856
342902090444
585029720489
584515518794
86105690840
434410844850
645845231207
714719969627
856297104998
119181657695
487551435423
354078951975
322968250928
396654070119
313079746240
201838413497
24958355481
646683203809
699854818639
206677254164
782743963310
948445100913
184273688939
291706608184
551843292382
68365317755
744080188846
311033412169
532320967731
899565653152
487231362371
133865960290
955318244746
989984946563
940380273810
695719190764
112699752654
211300141836
530105821
839701121972
300871495831
847527065286
295631517272
343959223034
484812514748
