911671124313
705264785015
347785419418
535416541114
310125856581
324360852942
98095172919
154728452292
714944639070
412711539467
994988581202
113720797338
227316553581
730285275509
995088536661
354663304371
797586561849
12983183507
559271396695
829671749218
819032443941
177234499000
870835234989
29706671966
597507723194
42545136616
446575402680
250755935935
576381970066
820200539849
146060010346
846065534083
68821223939
587635201032
868549780685
657588328507
195012260115
59907956978
867161124446
777046636131
657818031197
774563424077
65367538671
895327318374
842929772817
421637340738
862744978136
223563633468
903360179
177971211575
363068455171
772699290667
228890297570
325669450061
171945707794
959679661169
331294063354
566439080925
340795831460
714213935904
301303631799
830489111875
377523693496
314625943664
762809463950
918731410505
842437301277
541208403612
955738386726
964956348813
627621690090
492986418033
831943036548
970072102991
486456492558
680332716747
101294556133
618219104264
884349897714
867453069783
347905098652
736133278130
709712856250
539330223452
761728634101
113654036629
615402860729
819231410922
324140560788
902767840375
456590761197
715840826818
233699090848
956223972889
157973870198
354011640250
677634978579
507761717751
129258409932
956765094331
541772532631
