780948648369
174607366829
625436090027
702656894759
300288189455
992248286792
624971698567
236864213313
367892276005
436885119797
165621110394
451473994909
822645723775
985708890838
23953332114
216654288017
937236253016
143337239920
87282220764
580733541189
529900636115
435667387825
878625010063
353989225715
753370440195
688877191255
409619018236
64852194729
956245697498
879672467205
77737963010
337764699631
35505012492
366325504635
171165013242
72736881831
95080265444
875683266172
337289487662
649115085713
423081969464
933244655587
623959611861
780388595167
674920454140
263610386659
734908844448
17801762563
849669259030
226107345615
704432148546
199086429449
993534054023
245735738682
240082815103
135380682854
616269041673
152661448124
626111021873
835894957806
895253765010
482546013298
946241608587
6292662926
819121594563
607111047733
381752217956
663330057398
463673531680
421049090488
507469303326
656285490255
372657365348
398698576110
430595626383
148617225812
430427770372
64572551014
633294017336
153964694232
44927199502
668357328157
471384228253
720801329345
103110720958
853443156583
47786093468
498906323134
808594158890
656496074598
974863940258
106875541969
683271272088
67425785430
473941949313
762980064958
107134762664
320779174376
306993340354
696309322278
306203504303
