824397056047
867057158122
438810321277
908946044931
564653491183
39365781955
587267188712
975522518893
546820784226
395976610470
518798944766
603045500736
922759593814
492522710139
624056391015
874232467070
789639584830
140855487182
750428005236
112022499707
335166976324
704473088594
720509899372
528729086802
679978188735
573763466639
60704571619
863194846445
73482624386
394808297295
670361605742
741339626036
966504747737
154777280546
311178514249
357307032232
452692015529
816060499895
632959125512
354547806059
959182380514
706564622277
911612387530
156013794560
335322881254
588938018949
812362064778
935469047740
829722495655
843874045953
158529452634
197790155274
470667144298
395312702313
17255645498
646544301188
16789913192
510662950045
815110447642
643237305010
563733543096
86994372610
920428447861
187067048266
939072742580
984339693664
85641538083
550996475359
760935422451
586038690514
392986655195
874488853371
740227123786
935625043549
951227025067
260533683020
124919164330
177901986717
323181305636
159057579682
994472690111
915265316837
395315826650
785021347419
483394836483
53861195962
706812669215
460532773176
134374810228
347209797063
996369242508
389440708289
26919527695
572362925774
627276148162
345477328991
605395764875
264900943712
318161633575
118200154083
945406062643
