637111599274
303319345458
54670090637
738466335122
588582660077
381501634174
757138483651
982298694548
90564913793
257975683798
792253872432
545148495400
76840540067
724074031356
234424907582
421405524708
563517930437
951066964111
828728029618
118144421929
402091177654
862911936090
795001987757
406079805684
222824708589
395060379902
747612897799
352464955400
138159271926
964830350583
536910968554
16197915552
687607017306
760324451001
753680065449
462405004743
797515502740
256290673933
383086756427
424662032464
871523333310
72690460817
672548002496
3724673916
135078705445
941228830993
112540157103
553753885393
348336661208
379028640711
30288719319
253327921622
190566277353
216444203894
783521538586
615913781879
868659041351
36712896542
345429311500
643639829928
387045485074
593642238462
576666240739
82542468161
734121907304
952145339773
925412262541
770781174740
370201479481
377473479003
37109262181
385695215597
992738871150
858907490831
978082364367
293675956779
779777852106
62314081032
637683670444
858389841678
132732426289
121909712213
562825240991
152524827261
111993894791
358601293683
272333491140
686118828459
478422893437
980489906430
755118134712
834623346364
117096519725
69237255299
953199409584
685096003597
890275597172
891961710530
977695223904
8168289584
917053261111
