879301288924
760098071383
185245292746
919720610959
413792275370
705418913629
439261259319
445183272565
550071120219
762470057779
592019388391
966929968489
743356607515
311426080460
668752312427
127442271678
236073250285
255370657854
643381909675
309966384344
471693087231
276266113377
688337628404
371775202137
775065628596
452913073598
697823816609
471306805209
86867307150
262767553996
552488961081
375176140152
930963097178
91872666275
598758222551
574714433427
161054817796
990416202923
779129203711
951612543176
976988069608
916197539196
267756704237
104054900070
92615338085
550230724428
347135842043
704641325454
482049640702
408158384550
948070795967
793452164193
362440168818
767210043901
955358389098
247916529831
89977645868
639423713299
432891325159
927601947707
694027817223
256311948405
389567025278
143719807483
961366599093
835424405672
399382391823
726016651696
234981489622
790856899527
524988300277
713972775631
287759472926
308865445958
36773323421
814795022379
913204784849
749083445670
202438516355
48503338321
745137987319
200688981803
153543249607
968402016643
480442970122
293242782640
223210868985
148960342631
175798426177
260287546840
757646949520
671486580302
115199418292
39031446914
912664121777
524439219283
622598646306
418580732685
984399757208
508071564356
155817880788
