385525987365
843248456056
838438056474
700755230298
402988397390
780697096274
974253901990
89933382464
979764603628
13486139869
160417613508
437422524055
448536475218
270647755757
886377155006
380146860686
587151710408
81550942941
817309137413
529712010590
621974505960
383456300145
198668953275
238994019110
785016009505
396470406585
700113051880
129304922921
287563396524
102136315697
558020381856
573391219248
776022966187
646688060770
204953250826
107840406531
884279453548
671639150539
90260998419
79492948339
187054219923
940235976415
851908990998
731765558682
655493479275
627914203950
819357372272
722999006455
785603627587
651616567119
851330782184
122580158047
453470380044
467898696931
513071565888
947924637969
692223082083
621143669932
53238775814
488196246870
444724940089
785195386844
470779652868
415699879991
16914730523
941421932414
291382170701
322205010405
945043036264
832671176334
860216407882
497664113525
978540915765
971951270581
89493238893
780972097607
882774136734
965296325270
114435585900
925364762917
288794348359
348587818239
742110032306
249758117232
629093770951
690935100579
692894434733
232690517445
870159993423
166421149242
309157055050
555169246423
572383584771
832680061971
684884678798
414672299211
483821774712
354146159014
145106002082
211726836786
941243731123
