508763146856
666602445300
443338918773
782506458005
637174328606
868791673036
33283064974
537531851943
904187687728
392227464864
695314567260
188121367446
765964952065
636775617441
255634727931
7513725927
644262191871
703530903061
128175358164
894000187199
835168750419
163085034649
731014814290
104180224791
918015665649
678535672278
111441536351
997068138767
624266570217
859099948131
53342572960
195164689147
868012740014
400143243820
440625919562
26049413095
262660186721
47573193268
741790335065
144180151702
896082034737
586017110345
632514616865
159588948737
92567420110
679120311582
622545645657
350342693904
240095304113
226160672512
505535598835
174023284406
852624546963
80969409226
739626848829
5395074197
849743838521
769899779067
505003737819
969037045043
127082701677
489518528399
194580690931
673641989919
783968929978
827226782913
281363782259
166940738620
316932902075
350867614402
202642959635
508154424436
646283964885
204368394617
957467108326
791355665261
618178955038
615718205150
164749781512
581467109675
775150806301
98403291259
786958708051
830445312089
114770929217
188861734713
223574579379
875897167216
271577482503
114107660090
953775274746
519493781982
281763943038
794369523120
907891539990
431208110021
826922256683
914739282024
728405433348
733688142494
462369458212
