252417819343
108940897176
197706965121
397256286702
642319977570
897638383649
750839414726
998884846708
491385007955
12771935491
862503520806
945538898843
564893845462
139278197756
37140190395
608077643896
614237974724
620461458041
212516764964
52386464589
134785222849
257904185923
893569886396
887773533525
776098004467
851052357412
55506787901
952864845031
146184986718
939696237134
977795016190
785209076220
717190525046
772097855513
590810376799
80973722189
538116737733
370454226400
648618619972
318234763531
47507851785
673044815604
944873912388
850417372015
181049281656
210571382427
17404545351
276119978534
953702328293
961174589177
339848844430
764229425227
618159903044
510366561754
802792796292
76097797850
562762625337
218442687784
460850761433
925422446149
23759679075
52484368940
931184592322
395584593638
719923325710
199746317003
932123648410
612633766831
623140678000
868735229732
423611637624
335489375055
405789597058
76797534357
347173339568
806874395631
982671213655
892128386429
965258556181
429388620837
655715737060
746372053086
652812514838
410384330814
162127003303
532901903445
224398290528
868696858019
161460473229
229466565496
90394946446
340894243666
668589339422
898400777426
270326897356
308920421197
322282625593
455951184610
590591695492
708318369697
859559127729
