485717079934
787748072312
39342819290
929393758710
51667675119
329663542431
617364299417
110087293314
694078652008
89960681616
828807464918
988398168679
136796990622
171364021378
765542813123
637607896089
764505246744
107720501639
838346731652
646703339813
380133679379
228088077084
19212802551
630383522823
174799461534
698645125521
765899771626
298186804271
27785381597
740414141314
364969974248
137233680560
788853953391
274418588906
927007608285
999833512069
368623729893
894661106729
699174910222
282018362306
578789462848
15642365328
906227385093
243172845339
893108463723
992639076044
500341578361
276780799860
253185782664
537758212172
128741690162
31061899195
433975340509
408067185149
727426343461
927227254922
114405534569
347830582486
444278491051
976487546594
23735128058
20512434751
402647902921
236251537723
383606419732
127353828009
78885012863
616652375592
189290591304
558592580593
735312246135
866022167822
977049491734
910140007636
906852374412
389361482755
832198957847
314982317613
587693154126
101980116979
206013572839
597403173957
833081807156
499429561893
728986349256
412806010210
90938168979
111061874546
945040243301
477510288638
340495507205
773133989512
986497723225
264784142238
154405422766
748076114155
835421961946
93245696238
809580260933
223093208729
389960765869
