251196055017
64676261323
259472343570
617184531615
947245195036
884571402399
376279645444
218813876410
214668017242
173107850054
26817107633
635823899049
29062186344
57842857527
396319488281
650694283808
229943837365
793866908218
496412076524
850041677596
782402605460
407596941751
49935961568
417324174265
433303815874
953368252708
865318919543
648011936514
788575969474
807038030013
938753250905
553808742161
597289740076
807090907481
580658916963
688313313165
331106168080
356200097594
205879034439
161910291767
686624296928
36979425593
572320795340
334480342767
596125690750
748085559171
629131191082
424142167514
747091335023
151665489721
32421197300
881470133979
609267751563
209847621305
455397084077
4132470195
808966731448
311124423933
162348359850
49735891165
835910898433
981620903533
490389549479
426787585169
204047578663
508329276060
849527679395
598904596349
340898485592
434434943315
404390070838
488517413665
714667813590
152323816625
456419279755
722784121229
147391249467
910102026233
103200309071
359485100132
370919854814
892144483793
899852454232
594634769914
883142101008
403302133952
453206674318
694982021655
663429822461
704834048984
127245131901
866764941920
656839929237
599306173109
236209301216
694600527434
409881044539
77583461059
402938651057
649086181437
874493783417
