226973417052
67839304453
460835939598
292638171507
211435551323
927080513873
961860916575
755660298081
37205652337
23497232474
213961943735
803999915259
763382230913
219278188935
815811555606
970923002329
130794979837
849391184765
767054436108
978038654032
554774646017
497175577362
427410914962
759209338946
780354517399
197629091521
687099755933
813828797808
444536690104
896496133263
634901935231
374821087761
698171381327
170863818738
389923487266
228446201695
324015925409
688740489208
778408481989
42313899503
379303242848
103822469711
629140287474
307131631034
232706279020
875151004118
859230115972
589730880545
506567907483
513633329576
213488501552
934531000699
100858509065
375711928587
489108120772
135709186740
946560322905
429142869697
339125373430
779562164361
496875076492
496547941866
660474902632
677677959095
256738760589
468655433260
154106979214
79191772060
2593552266
361372160168
438208761170
919321171507
12542301256
417778311534
43068948007
651301630621
236359489101
439525685468
395696427444
53297147926
291594820190
824895461777
496305366397
54236463115
196327180764
911016401909
439107134186
178686470285
806675586569
488530176153
958824776404
129338321277
932643430189
677605646792
59218058096
635140001218
464265595437
154095536650
806328503321
746329611359
947551922281
