452137057240
786359508700
337144565798
373124444397
715350454781
37737894194
398539857664
874417899919
258755300770
820224944559
493584723278
451642525931
31730144672
279111851030
411913349915
686101166164
571798440412
893148672462
476091778802
89309132250
302100115472
27274573281
131839964846
523801145930
118263936900
819744988132
903405225137
428346585882
148183029111
641631078414
311256682036
30246380422
935980222178
298666853397
791052275169
648466633373
291051204505
392540623962
404861052625
352495186438
660125325594
322549692488
50234242351
355730476317
332839174619
487896691191
638316986964
716986588493
136308451311
687433567225
790824458059
789920836978
135760613832
216494842118
32283383489
157381092493
921984489620
35900639673
405175063153
944040395266
41760229167
824632183629
439740617086
740106052027
575334114829
29875377819
305670873685
116650054980
383745582849
213640603642
833084632218
461334962316
650678026846
202864949794
701579723044
771114640254
927954754505
797201818215
425381402980
392742193504
370578431907
205227021579
649221111708
179912836977
468884807067
618670342340
592633845045
987821438649
219809857677
732415855946
454493658744
48941059662
929764360080
485766486463
755243182516
697505922634
297017515116
845261755256
617584437274
293883007372
793117892581
